,Question Generation,Program Execution,Question Answering,Sentiment Analysis,Wrong Candidate Generation,Commonsense Classification,Misc.,Toxic Language Detection,Text Categorization,Story Composition,Question Understanding,Pos Tagging,Fill in The Blank,Text to Code,Text Matching,Information Extraction,Linguistic Probing,Text Completion,Dialogue Generation,Summarization,Code to Text
Question Generation,1.0,0.445229709148407,0.4376160800457001,0.5054592490196228,0.5221977233886719,0.6398508548736572,0.41514167189598083,0.38059672713279724,0.3671804666519165,0.48245933651924133,0.66883784532547,0.506061851978302,0.4890331029891968,0.4825361371040344,0.530268132686615,0.43442291021347046,0.292815238237381,0.46575286984443665,0.40190595388412476,0.5101191401481628,0.3599926233291626
Program Execution,0.445229709148407,1.0,0.7038240432739258,0.6864350438117981,0.7388890981674194,0.5337105989456177,0.49957019090652466,0.6668440103530884,0.5159897804260254,0.7422118186950684,0.6885990500450134,0.7158442735671997,0.6635422110557556,0.6235113739967346,0.7089124321937561,0.6568570137023926,0.7464919090270996,0.5995714068412781,0.6274397969245911,0.6623370051383972,0.5724562406539917
Question Answering,0.4376160800457001,0.7038240432739258,1.0,0.7842222452163696,0.7246870398521423,0.5878172516822815,0.5776457190513611,0.8089059591293335,0.5517367720603943,0.7069728374481201,0.7267799377441406,0.6836068630218506,0.7519389986991882,0.7105756402015686,0.6815801858901978,0.8739414215087891,0.5312747359275818,0.5268651843070984,0.5732669830322266,0.6570786833763123,0.532017707824707
Sentiment Analysis,0.5054592490196228,0.6864350438117981,0.7842222452163696,1.0,0.8110028505325317,0.6185149550437927,0.6747257113456726,0.6835321187973022,0.616510808467865,0.6627736687660217,0.779345691204071,0.7528005838394165,0.7081166505813599,0.710873544216156,0.6849510073661804,0.7938452959060669,0.5223682522773743,0.5637426972389221,0.5422292351722717,0.6128723621368408,0.5758928060531616
Wrong Candidate Generation,0.5221977233886719,0.7388890981674194,0.7246870398521423,0.8110028505325317,1.0,0.605604887008667,0.6066137552261353,0.6441317200660706,0.5618823766708374,0.6252089142799377,0.7470746636390686,0.6854838728904724,0.7036932706832886,0.6622939705848694,0.7076913118362427,0.7168511748313904,0.5332390069961548,0.6440223455429077,0.5256789922714233,0.6436285972595215,0.5630214810371399
Commonsense Classification,0.6398508548736572,0.5337105989456177,0.5878172516822815,0.6185149550437927,0.605604887008667,1.0,0.4650282859802246,0.4787003993988037,0.47644758224487305,0.6657937169075012,0.7614645957946777,0.6256321668624878,0.544340193271637,0.6041077375411987,0.5871254801750183,0.6050993204116821,0.4323963522911072,0.5087963938713074,0.46650180220603943,0.557731568813324,0.42788878083229065
Misc.,0.41514167189598083,0.49957019090652466,0.5776457190513611,0.6747257113456726,0.6066137552261353,0.4650282859802246,1.0,0.49162739515304565,0.6866264343261719,0.4832175076007843,0.5537261962890625,0.5319094061851501,0.526694655418396,0.5065298080444336,0.5305231809616089,0.5648517608642578,0.3877606689929962,0.4713798463344574,0.39754703640937805,0.4969785511493683,0.6931771039962769
Toxic Language Detection,0.38059672713279724,0.6668440103530884,0.8089059591293335,0.6835321187973022,0.6441317200660706,0.4787003993988037,0.49162739515304565,1.0,0.4870259463787079,0.6550474166870117,0.6310628056526184,0.6077099442481995,0.7032854557037354,0.6146793365478516,0.5877782106399536,0.8092275857925415,0.6073245406150818,0.494661808013916,0.7170135974884033,0.60395747423172,0.47673463821411133
Text Categorization,0.3671804666519165,0.5159897804260254,0.5517367720603943,0.616510808467865,0.5618823766708374,0.47644758224487305,0.6866264343261719,0.4870259463787079,1.0,0.5124784111976624,0.5902097225189209,0.5834023952484131,0.43977832794189453,0.5128023624420166,0.5362176895141602,0.5787113308906555,0.3992895483970642,0.45584988594055176,0.422420859336853,0.4271264970302582,0.8132131099700928
Story Composition,0.48245933651924133,0.7422118186950684,0.7069728374481201,0.6627736687660217,0.6252089142799377,0.6657937169075012,0.4832175076007843,0.6550474166870117,0.5124784111976624,1.0,0.726462185382843,0.6906639933586121,0.6179024577140808,0.6213338375091553,0.6512476205825806,0.6559922099113464,0.6675942540168762,0.4584490656852722,0.5770198702812195,0.5411676168441772,0.4738922119140625
Question Understanding,0.66883784532547,0.6885990500450134,0.7267799377441406,0.779345691204071,0.7470746636390686,0.7614645957946777,0.5537261962890625,0.6310628056526184,0.5902097225189209,0.726462185382843,1.0,0.7516925930976868,0.6531850695610046,0.7453767657279968,0.7556001543998718,0.7832186818122864,0.5061765909194946,0.6169979572296143,0.535281240940094,0.6242519021034241,0.5235413312911987
Pos Tagging,0.506061851978302,0.7158442735671997,0.6836068630218506,0.7528005838394165,0.6854838728904724,0.6256321668624878,0.5319094061851501,0.6077099442481995,0.5834023952484131,0.6906639933586121,0.7516925930976868,1.0,0.5804035067558289,0.6819048523902893,0.710978627204895,0.7289162278175354,0.5431459546089172,0.6392620205879211,0.5405356884002686,0.6402091979980469,0.5801186561584473
Fill in The Blank,0.4890331029891968,0.6635422110557556,0.7519389986991882,0.7081166505813599,0.7036932706832886,0.544340193271637,0.526694655418396,0.7032854557037354,0.43977832794189453,0.6179024577140808,0.6531850695610046,0.5804035067558289,1.0,0.6216573715209961,0.6165792346000671,0.6625241637229919,0.4960067570209503,0.4754035472869873,0.607153594493866,0.5926833748817444,0.4414539337158203
Text to Code,0.4825361371040344,0.6235113739967346,0.7105756402015686,0.710873544216156,0.6622939705848694,0.6041077375411987,0.5065298080444336,0.6146793365478516,0.5128023624420166,0.6213338375091553,0.7453767657279968,0.6819048523902893,0.6216573715209961,1.0,0.6419714093208313,0.7639169096946716,0.46143364906311035,0.5658382773399353,0.5081573128700256,0.6183214783668518,0.5268011093139648
Text Matching,0.530268132686615,0.7089124321937561,0.6815801858901978,0.6849510073661804,0.7076913118362427,0.5871254801750183,0.5305231809616089,0.5877782106399536,0.5362176895141602,0.6512476205825806,0.7556001543998718,0.710978627204895,0.6165792346000671,0.6419714093208313,1.0,0.6655102372169495,0.47398996353149414,0.5830116868019104,0.5328502058982849,0.6574567556381226,0.5320147275924683
Information Extraction,0.43442291021347046,0.6568570137023926,0.8739414215087891,0.7938452959060669,0.7168511748313904,0.6050993204116821,0.5648517608642578,0.8092275857925415,0.5787113308906555,0.6559922099113464,0.7832186818122864,0.7289162278175354,0.6625241637229919,0.7639169096946716,0.6655102372169495,1.0,0.4839039742946625,0.58868408203125,0.5686248540878296,0.6759892106056213,0.5577467083930969
Linguistic Probing,0.292815238237381,0.7464919090270996,0.5312747359275818,0.5223682522773743,0.5332390069961548,0.4323963522911072,0.3877606689929962,0.6073245406150818,0.3992895483970642,0.6675942540168762,0.5061765909194946,0.5431459546089172,0.4960067570209503,0.46143364906311035,0.47398996353149414,0.4839039742946625,1.0,0.40806838870048523,0.5292956829071045,0.48497456312179565,0.4447593688964844
Text Completion,0.46575286984443665,0.5995714068412781,0.5268651843070984,0.5637426972389221,0.6440223455429077,0.5087963938713074,0.4713798463344574,0.494661808013916,0.45584988594055176,0.4584490656852722,0.6169979572296143,0.6392620205879211,0.4754035472869873,0.5658382773399353,0.5830116868019104,0.58868408203125,0.40806838870048523,1.0,0.4319787621498108,0.6542463302612305,0.49965623021125793
Dialogue Generation,0.40190595388412476,0.6274397969245911,0.5732669830322266,0.5422292351722717,0.5256789922714233,0.46650180220603943,0.39754703640937805,0.7170135974884033,0.422420859336853,0.5770198702812195,0.535281240940094,0.5405356884002686,0.607153594493866,0.5081573128700256,0.5328502058982849,0.5686248540878296,0.5292956829071045,0.4319787621498108,1.0,0.5377864241600037,0.5141481757164001
Summarization,0.5101191401481628,0.6623370051383972,0.6570786833763123,0.6128723621368408,0.6436285972595215,0.557731568813324,0.4969785511493683,0.60395747423172,0.4271264970302582,0.5411676168441772,0.6242519021034241,0.6402091979980469,0.5926833748817444,0.6183214783668518,0.6574567556381226,0.6759892106056213,0.48497456312179565,0.6542463302612305,0.5377864241600037,1.0,0.5060744881629944
Code to Text,0.3599926233291626,0.5724562406539917,0.532017707824707,0.5758928060531616,0.5630214810371399,0.42788878083229065,0.6931771039962769,0.47673463821411133,0.8132131099700928,0.4738922119140625,0.5235413312911987,0.5801186561584473,0.4414539337158203,0.5268011093139648,0.5320147275924683,0.5577467083930969,0.4447593688964844,0.49965623021125793,0.5141481757164001,0.5060744881629944,1.0
