,Toxic Language Detection,Translation,Text Completion,Question Answering,Misc.,Fill in The Blank,Sentiment Analysis,Word Analogy,Program Execution,Dialogue State Tracking,Sentence Perturbation,Question Generation,Text to Code,Question Rewriting,Summarization,Cause Effect Classification,Sentence Composition,Question Decomposition,Textual Entailment,Word Relation Classification,Named Entity Recognition,Text Categorization,Stereotype Detection,Title Generation,Language Identification,Information Extraction,Speaker Identification,Answer Verification,Wrong Candidate Generation,Explanation,Grammar Error Correction,Commonsense Classification,Ethics Classification,Text Matching,Word Semantics,Question Understanding,Story Composition,Pos Tagging,Stance Detection,Text Quality Evaluation,Section Classification,Fact Verification,Paraphrasing,Dialogue Act Recognition,Gender Classification,Dialogue Generation,Sentence Expansion,Intent Identification,Answerability Classification,Text Simplification,Negotiation Strategy Detection,Mathematics,Coreference Resolution,Grammar Error Detection,Number Conversion,Punctuation Error Detection,Data to Text,Discourse Connective Identification,Linguistic Probing,Sentence Ordering,Discourse Relation Classification,Code to Text,Entity Relation Classification,Overlap Extraction,Paper Review,Style Transfer,Irony Detection,Spelling Error Detection,Entity Generation,Speaker Relation Classification,Keyword Tagging,Coherence Classification,Preposition Prediction,Spam Classification,Poem Generation,Sentence Compression
Toxic Language Detection,1.0,0.45370492339134216,0.445229709148407,0.4376160800457001,0.5054592490196228,0.5221977233886719,0.6398508548736572,0.3683331608772278,0.41514167189598083,0.3853299021720886,0.4705609977245331,0.38059672713279724,0.3671804666519165,0.3854645788669586,0.48245933651924133,0.44885560870170593,0.4343416094779968,0.32543593645095825,0.45222902297973633,0.48392796516418457,0.4233735203742981,0.66883784532547,0.5848162770271301,0.38603878021240234,0.5558856725692749,0.506061851978302,0.4773178994655609,0.4790574014186859,0.4890331029891968,0.3868762254714966,0.4636567533016205,0.4825361371040344,0.5210253596305847,0.530268132686615,0.501271665096283,0.43442291021347046,0.292815238237381,0.46575286984443665,0.5616598725318909,0.5657005906105042,0.39350903034210205,0.45449399948120117,0.3433554768562317,0.4439411163330078,0.4933450520038605,0.40190595388412476,0.28729891777038574,0.421689510345459,0.49236783385276794,0.37533748149871826,0.3940783143043518,0.3194039463996887,0.3871400058269501,0.535777747631073,0.2887656092643738,0.4787665605545044,0.4799080491065979,0.36990514397621155,0.5101191401481628,0.3132423162460327,0.4535878002643585,0.3599926233291626,0.34484443068504333,0.4009086489677429,0.40331128239631653,0.3773452341556549,0.617221474647522,0.49928513169288635,0.2868095934391022,0.48316824436187744,0.4303189516067505,0.4158813953399658,0.42862507700920105,0.6037506461143494,0.43695488572120667,0.28557783365249634
Translation,0.45370492339134216,1.0,0.5886165499687195,0.5715891122817993,0.623694658279419,0.7137834429740906,0.5764451622962952,0.5120828151702881,0.4882095754146576,0.42261993885040283,0.6613965630531311,0.5270161032676697,0.5294756293296814,0.5741292834281921,0.5810838341712952,0.5267342329025269,0.5832253098487854,0.5098679065704346,0.5753864049911499,0.5548803210258484,0.483630508184433,0.6422913670539856,0.4125678241252899,0.5434182286262512,0.6544304490089417,0.6042219996452332,0.40085768699645996,0.4947272837162018,0.5126679539680481,0.5335327386856079,0.578324556350708,0.49591925740242004,0.34358349442481995,0.7203249335289001,0.6285484433174133,0.595950186252594,0.4337151050567627,0.5481511950492859,0.44435057044029236,0.6208227276802063,0.5370968580245972,0.43035051226615906,0.6710816025733948,0.41441211104393005,0.43821367621421814,0.48884519934654236,0.4947802424430847,0.4954582750797272,0.5151752829551697,0.6260444521903992,0.3478870391845703,0.48027634620666504,0.5116952061653137,0.5672417283058167,0.5485216975212097,0.4780322313308716,0.6426944136619568,0.43159228563308716,0.5844475030899048,0.5122421383857727,0.510317862033844,0.5428611636161804,0.4049904942512512,0.4913839101791382,0.4756089448928833,0.5478051900863647,0.3944261968135834,0.49295228719711304,0.3931892216205597,0.4180014729499817,0.5018023252487183,0.4886815547943115,0.5109533667564392,0.4292263388633728,0.3966553807258606,0.42633870244026184
Text Completion,0.445229709148407,0.5886165499687195,1.0,0.7038240432739258,0.6864350438117981,0.7388890981674194,0.5337105989456177,0.5931528806686401,0.49957019090652466,0.5784222483634949,0.6879546642303467,0.6668440103530884,0.5159897804260254,0.6260804533958435,0.7422118186950684,0.5296456813812256,0.7558473348617554,0.5740979313850403,0.6549922227859497,0.5978298187255859,0.5678214430809021,0.6885990500450134,0.44262775778770447,0.6729392409324646,0.49673017859458923,0.7158442735671997,0.4936971068382263,0.6194779276847839,0.6635422110557556,0.685925304889679,0.5895283222198486,0.6235113739967346,0.40536874532699585,0.7089124321937561,0.6159995794296265,0.6568570137023926,0.7464919090270996,0.5995714068412781,0.4526302218437195,0.6716397404670715,0.5915087461471558,0.57829749584198,0.6085851192474365,0.5304028987884521,0.4768575429916382,0.6274397969245911,0.5379185676574707,0.6040223240852356,0.6548357009887695,0.6772477626800537,0.44036418199539185,0.4138161540031433,0.6126437187194824,0.5771278738975525,0.4163709878921509,0.584621250629425,0.7319810390472412,0.6352636814117432,0.6623370051383972,0.725811243057251,0.6465248465538025,0.5724562406539917,0.41226649284362793,0.6771735548973083,0.3953703045845032,0.4583914577960968,0.4366563856601715,0.5026392340660095,0.432537317276001,0.5000612735748291,0.5870361328125,0.7738791108131409,0.585715651512146,0.42121440172195435,0.4642014503479004,0.5170303583145142
Question Answering,0.4376160800457001,0.5715891122817993,0.7038240432739258,1.0,0.7842222452163696,0.7246870398521423,0.5878172516822815,0.6116513013839722,0.5776457190513611,0.5401188135147095,0.5744628310203552,0.8089059591293335,0.5517367720603943,0.7274627685546875,0.7069728374481201,0.5531476736068726,0.6460727453231812,0.715355634689331,0.6618930697441101,0.6407876014709473,0.538984477519989,0.7267799377441406,0.51889967918396,0.5575014352798462,0.5056520104408264,0.6836068630218506,0.5508471131324768,0.8699171543121338,0.7519389986991882,0.7747805714607239,0.5561218857765198,0.7105756402015686,0.5506097078323364,0.6815801858901978,0.6287110447883606,0.8739414215087891,0.5312747359275818,0.5268651843070984,0.5399304628372192,0.6392428278923035,0.6171790957450867,0.6297447681427002,0.5686327219009399,0.5044294595718384,0.5633454322814941,0.5732669830322266,0.49701109528541565,0.5844762921333313,0.8576717972755432,0.6044679880142212,0.4433894753456116,0.6569251418113708,0.6358962655067444,0.533463180065155,0.49308955669403076,0.4777064323425293,0.6368118524551392,0.5345848798751831,0.6570786833763123,0.5905072093009949,0.5614725351333618,0.532017707824707,0.514675498008728,0.5681965351104736,0.4667377769947052,0.3860349655151367,0.4537608027458191,0.47922301292419434,0.4400891065597534,0.5915937423706055,0.6089368462562561,0.5931115746498108,0.5369851589202881,0.4197933077812195,0.3417295813560486,0.35537901520729065
Misc.,0.5054592490196228,0.623694658279419,0.6864350438117981,0.7842222452163696,1.0,0.8110028505325317,0.6185149550437927,0.5874584317207336,0.6747257113456726,0.5543866157531738,0.5775917768478394,0.6835321187973022,0.616510808467865,0.6386801600456238,0.6627736687660217,0.5960115194320679,0.6175407767295837,0.6460052728652954,0.6181905269622803,0.6625865697860718,0.6234462261199951,0.779345691204071,0.5474281311035156,0.5664705634117126,0.6224837899208069,0.7528005838394165,0.5447691679000854,0.7435900568962097,0.7081166505813599,0.6850807070732117,0.5934208035469055,0.710873544216156,0.5208098292350769,0.6849510073661804,0.6810966730117798,0.7938452959060669,0.5223682522773743,0.5637426972389221,0.5485438108444214,0.6220310926437378,0.62749183177948,0.6388079524040222,0.5369348526000977,0.49153202772140503,0.586112380027771,0.5422292351722717,0.501876950263977,0.6116183400154114,0.7293442487716675,0.6045387983322144,0.4275086224079132,0.6353179216384888,0.5947869420051575,0.6001881957054138,0.5414203405380249,0.5199846625328064,0.7206214666366577,0.49796581268310547,0.6128723621368408,0.5512882471084595,0.5365620851516724,0.5758928060531616,0.5667239427566528,0.5910642743110657,0.4909341335296631,0.41478297114372253,0.5094174146652222,0.5755101442337036,0.5153475999832153,0.5434837341308594,0.6252663731575012,0.5974975228309631,0.5811471343040466,0.5258592367172241,0.41385868191719055,0.38986289501190186
Fill in The Blank,0.5221977233886719,0.7137834429740906,0.7388890981674194,0.7246870398521423,0.8110028505325317,1.0,0.605604887008667,0.665582001209259,0.6066137552261353,0.4875729978084564,0.6359432339668274,0.6441317200660706,0.5618823766708374,0.6191532611846924,0.6252089142799377,0.6160621643066406,0.6588383913040161,0.5777131915092468,0.6413200497627258,0.6898267865180969,0.5657011270523071,0.7470746636390686,0.5330905914306641,0.5895665287971497,0.6346718668937683,0.6854838728904724,0.45833316445350647,0.668627142906189,0.7036932706832886,0.6603184342384338,0.6018304228782654,0.6622939705848694,0.4666799306869507,0.7076913118362427,0.7283978462219238,0.7168511748313904,0.5332390069961548,0.6440223455429077,0.5166273713111877,0.6125564575195312,0.5885855555534363,0.5663631558418274,0.5458347201347351,0.479338139295578,0.5502450466156006,0.5256789922714233,0.49648964405059814,0.578995406627655,0.6729357242584229,0.6206192970275879,0.40747395157814026,0.5868263244628906,0.5655714869499207,0.6207123398780823,0.4816500246524811,0.4864460527896881,0.7040352821350098,0.5718003511428833,0.6436285972595215,0.5616906881332397,0.564916729927063,0.5630214810371399,0.5251648426055908,0.589340329170227,0.43366557359695435,0.43014970421791077,0.44615477323532104,0.6108279228210449,0.50258868932724,0.49329933524131775,0.6113711595535278,0.6059289574623108,0.6065223813056946,0.4641541540622711,0.423065185546875,0.3927844166755676
Sentiment Analysis,0.6398508548736572,0.5764451622962952,0.5337105989456177,0.5878172516822815,0.6185149550437927,0.605604887008667,1.0,0.44242939352989197,0.4650282859802246,0.4770476222038269,0.5103539228439331,0.4787003993988037,0.47644758224487305,0.45483291149139404,0.6657937169075012,0.5282968878746033,0.5524978041648865,0.4855610430240631,0.5492668747901917,0.5949738025665283,0.4831303656101227,0.7614645957946777,0.5656028985977173,0.4606999456882477,0.5415824055671692,0.6256321668624878,0.48062533140182495,0.6059345006942749,0.544340193271637,0.5225743055343628,0.48093360662460327,0.6041077375411987,0.5422098636627197,0.5871254801750183,0.5820938348770142,0.6050993204116821,0.4323963522911072,0.5087963938713074,0.6640254259109497,0.644983172416687,0.5978383421897888,0.5221142768859863,0.44811272621154785,0.4855699837207794,0.5430325269699097,0.46650180220603943,0.3952910602092743,0.5396137833595276,0.5978846549987793,0.44683751463890076,0.4228368401527405,0.4735935628414154,0.42263686656951904,0.5281515121459961,0.3767031133174896,0.4783943295478821,0.6087499260902405,0.4144001007080078,0.557731568813324,0.45091721415519714,0.508044421672821,0.42788878083229065,0.4403376877307892,0.44047755002975464,0.6660445332527161,0.551895260810852,0.6477197408676147,0.4778654873371124,0.323191374540329,0.5391762256622314,0.5465026497840881,0.5318987965583801,0.4905366897583008,0.5289618372917175,0.44849711656570435,0.3146887719631195
Word Analogy,0.3683331608772278,0.5120828151702881,0.5931528806686401,0.6116513013839722,0.5874584317207336,0.665582001209259,0.44242939352989197,1.0,0.4303916394710541,0.3906860649585724,0.5660254955291748,0.5332145094871521,0.45673784613609314,0.571399450302124,0.5111185908317566,0.5587301254272461,0.593400239944458,0.4873381555080414,0.5731415152549744,0.7364954948425293,0.44852644205093384,0.6013574600219727,0.4939076602458954,0.4467930793762207,0.38949161767959595,0.548516035079956,0.3631729781627655,0.519325315952301,0.48775342106819153,0.6062459349632263,0.4778253734111786,0.6154125928878784,0.40393272042274475,0.6186227798461914,0.7393600344657898,0.6350025534629822,0.5151615738868713,0.5397994518280029,0.3864206075668335,0.43373507261276245,0.45758768916130066,0.42022693157196045,0.5911760330200195,0.38581812381744385,0.41368088126182556,0.4104418158531189,0.4412229061126709,0.4616011381149292,0.5625730752944946,0.523033082485199,0.3769862651824951,0.45272591710090637,0.5483301877975464,0.4674353003501892,0.38570547103881836,0.36349615454673767,0.5825261473655701,0.5229600071907043,0.5656262636184692,0.5233789086341858,0.5527494549751282,0.5169202089309692,0.5765429735183716,0.5258490443229675,0.3032754063606262,0.47658202052116394,0.38159140944480896,0.39605894684791565,0.5005948543548584,0.46653875708580017,0.5063298344612122,0.5046133995056152,0.5858063697814941,0.34050238132476807,0.4007232189178467,0.3339952230453491
Program Execution,0.41514167189598083,0.4882095754146576,0.49957019090652466,0.5776457190513611,0.6747257113456726,0.6066137552261353,0.4650282859802246,0.4303916394710541,1.0,0.40641745924949646,0.4494987726211548,0.49162739515304565,0.6866264343261719,0.45175474882125854,0.4832175076007843,0.4339255392551422,0.4786946177482605,0.5640268325805664,0.4836989641189575,0.46675896644592285,0.4127826690673828,0.5537261962890625,0.4104017913341522,0.37883198261260986,0.4504849910736084,0.5319094061851501,0.40721043944358826,0.5125460028648376,0.526694655418396,0.4680364727973938,0.504905104637146,0.5065298080444336,0.3743734061717987,0.5305231809616089,0.5009660720825195,0.5648517608642578,0.3877606689929962,0.4713798463344574,0.40625110268592834,0.4696488678455353,0.5056854486465454,0.47587326169013977,0.3830762505531311,0.35807546973228455,0.4124741554260254,0.39754703640937805,0.25126805901527405,0.4484425485134125,0.49772945046424866,0.45434990525245667,0.3116207420825958,0.7269948720932007,0.4654884338378906,0.5668613314628601,0.556847095489502,0.43552085757255554,0.5441926121711731,0.33902180194854736,0.4969785511493683,0.5133532881736755,0.39644792675971985,0.6931771039962769,0.3695545196533203,0.4369065761566162,0.3270900845527649,0.3594653904438019,0.3766481876373291,0.4503743648529053,0.3659481108188629,0.3977489173412323,0.3959793746471405,0.4479523301124573,0.4886406362056732,0.40547847747802734,0.36437949538230896,0.3094842731952667
Dialogue State Tracking,0.3853299021720886,0.42261993885040283,0.5784222483634949,0.5401188135147095,0.5543866157531738,0.4875729978084564,0.4770476222038269,0.3906860649585724,0.40641745924949646,1.0,0.4960648715496063,0.5032060742378235,0.4496908485889435,0.45208919048309326,0.5159536004066467,0.3929893672466278,0.45084288716316223,0.4777745008468628,0.4562128484249115,0.4810388684272766,0.4747173488140106,0.5468384623527527,0.39257124066352844,0.36348122358322144,0.45675548911094666,0.5703883171081543,0.653334379196167,0.5102158784866333,0.489105224609375,0.4742545187473297,0.4200696051120758,0.5538150072097778,0.40399184823036194,0.5512440204620361,0.4407426118850708,0.5934248566627502,0.4015970826148987,0.45689716935157776,0.5119792222976685,0.4819718599319458,0.3760576844215393,0.4608273506164551,0.3430386483669281,0.767839789390564,0.40390610694885254,0.7312232851982117,0.2931329905986786,0.6593278050422668,0.5694257616996765,0.37341955304145813,0.6962554454803467,0.34155765175819397,0.48714759945869446,0.47005000710487366,0.37178876996040344,0.4218801259994507,0.5243444442749023,0.40395891666412354,0.5285943150520325,0.4141524136066437,0.5234121680259705,0.533233642578125,0.35014140605926514,0.45641523599624634,0.3360888361930847,0.31034785509109497,0.318267285823822,0.3412339687347412,0.26184600591659546,0.6118205785751343,0.4111939072608948,0.5497811436653137,0.38339173793792725,0.4466801881790161,0.18000957369804382,0.24909237027168274
Sentence Perturbation,0.4705609977245331,0.6613965630531311,0.6879546642303467,0.5744628310203552,0.5775917768478394,0.6359432339668274,0.5103539228439331,0.5660254955291748,0.4494987726211548,0.4960648715496063,1.0,0.559349536895752,0.41901081800460815,0.6436083316802979,0.5999627709388733,0.589897096157074,0.7613200545310974,0.4837607145309448,0.5754558444023132,0.567787230014801,0.4323130249977112,0.5946347713470459,0.4665996730327606,0.5233774185180664,0.49984046816825867,0.576567530632019,0.47285208106040955,0.5169101357460022,0.6039883494377136,0.5866569876670837,0.7050870656967163,0.5598903298377991,0.33951595425605774,0.6413456201553345,0.6460673809051514,0.5655980706214905,0.5582823157310486,0.6142244935035706,0.45631787180900574,0.6072150468826294,0.4907580316066742,0.5110300779342651,0.6293523907661438,0.5005954504013062,0.45601382851600647,0.5826597809791565,0.5821794867515564,0.4707334637641907,0.5343807935714722,0.631616473197937,0.45416614413261414,0.42354127764701843,0.5632822513580322,0.6809538006782532,0.42254745960235596,0.585493803024292,0.6172216534614563,0.5688391923904419,0.7256492972373962,0.6119621992111206,0.6290196776390076,0.5086178779602051,0.3894873857498169,0.5804726481437683,0.35088953375816345,0.5463652014732361,0.4613008499145508,0.5510310530662537,0.3899192214012146,0.4878880977630615,0.5220624804496765,0.5916005969047546,0.5089669227600098,0.41356024146080017,0.4441562592983246,0.4821028411388397
Question Generation,0.38059672713279724,0.5270161032676697,0.6668440103530884,0.8089059591293335,0.6835321187973022,0.6441317200660706,0.4787003993988037,0.5332145094871521,0.49162739515304565,0.5032060742378235,0.559349536895752,1.0,0.4870259463787079,0.7739035487174988,0.6550474166870117,0.5147759318351746,0.6716940999031067,0.7031332850456238,0.559044599533081,0.5504809617996216,0.4930320978164673,0.6310628056526184,0.442842036485672,0.6602011919021606,0.41473355889320374,0.6077099442481995,0.49616748094558716,0.6996312737464905,0.7032854557037354,0.6854167580604553,0.4993264079093933,0.6146793365478516,0.42405644059181213,0.5877782106399536,0.535528302192688,0.8092275857925415,0.6073245406150818,0.494661808013916,0.43391337990760803,0.6111738681793213,0.557789146900177,0.5280406475067139,0.5174055099487305,0.4918462932109833,0.4366535246372223,0.7170135974884033,0.44023597240448,0.5658726692199707,0.7369266152381897,0.5405910015106201,0.41380298137664795,0.5006794929504395,0.551680326461792,0.47479960322380066,0.4163183569908142,0.4263612926006317,0.6342604756355286,0.47645923495292664,0.60395747423172,0.5638362169265747,0.5263017416000366,0.47673463821411133,0.41435813903808594,0.5411116480827332,0.35425710678100586,0.32565614581108093,0.34874069690704346,0.40158766508102417,0.4956693947315216,0.5070554614067078,0.5852438807487488,0.54863440990448,0.4845614731311798,0.35127586126327515,0.45472073554992676,0.3600059747695923
Text to Code,0.3671804666519165,0.5294756293296814,0.5159897804260254,0.5517367720603943,0.616510808467865,0.5618823766708374,0.47644758224487305,0.45673784613609314,0.6866264343261719,0.4496908485889435,0.41901081800460815,0.4870259463787079,1.0,0.4768078625202179,0.5124784111976624,0.4221336543560028,0.45738208293914795,0.5866672992706299,0.4529195725917816,0.489060640335083,0.40883463621139526,0.5902097225189209,0.3734357953071594,0.3883180618286133,0.4206577241420746,0.5834023952484131,0.38259726762771606,0.47193434834480286,0.43977832794189453,0.4769262969493866,0.4411514699459076,0.5128023624420166,0.37433263659477234,0.5362176895141602,0.4624875485897064,0.5787113308906555,0.3992895483970642,0.45584988594055176,0.38058337569236755,0.48375654220581055,0.5570818781852722,0.4729291796684265,0.411379337310791,0.3746447265148163,0.42006582021713257,0.422420859336853,0.2940114736557007,0.4824453890323639,0.4908463656902313,0.5247822999954224,0.3346172571182251,0.5675123929977417,0.4159191846847534,0.4762023389339447,0.5102823972702026,0.3813815116882324,0.6740760207176208,0.37080222368240356,0.4271264970302582,0.4769465923309326,0.41395431756973267,0.8132131099700928,0.3779800534248352,0.4152286946773529,0.384567528963089,0.3728298842906952,0.2896720767021179,0.3628498315811157,0.31982266902923584,0.4143042266368866,0.4120776057243347,0.46782130002975464,0.48983725905418396,0.4046786427497864,0.2951301038265228,0.28917136788368225
Question Rewriting,0.3854645788669586,0.5741292834281921,0.6260804533958435,0.7274627685546875,0.6386801600456238,0.6191532611846924,0.45483291149139404,0.571399450302124,0.45175474882125854,0.45208919048309326,0.6436083316802979,0.7739035487174988,0.4768078625202179,1.0,0.6374176144599915,0.4549223482608795,0.652101457118988,0.6701856255531311,0.5248268842697144,0.5231031179428101,0.44147536158561707,0.6217580437660217,0.42963021993637085,0.6263794898986816,0.40080177783966064,0.5663881897926331,0.4343182444572449,0.6111357808113098,0.6155619025230408,0.6189736723899841,0.5614700317382812,0.5479827523231506,0.4244212508201599,0.6383626461029053,0.5640695691108704,0.7217870354652405,0.5527644157409668,0.4787899851799011,0.3665791451931,0.611790120601654,0.5173250436782837,0.502764105796814,0.6457325220108032,0.43660029768943787,0.42858973145484924,0.5472995042800903,0.4724159836769104,0.5099557638168335,0.6492201089859009,0.6704460978507996,0.3895246386528015,0.494549423456192,0.506155252456665,0.4734477698802948,0.45839565992355347,0.43713587522506714,0.6154248118400574,0.4093784987926483,0.5960436463356018,0.5514352917671204,0.47935375571250916,0.4822129011154175,0.38433781266212463,0.49741172790527344,0.3690951466560364,0.4992853105068207,0.39450401067733765,0.4428885281085968,0.3651975393295288,0.45068076252937317,0.5482524037361145,0.5050143003463745,0.45403581857681274,0.37132197618484497,0.41946178674697876,0.42292094230651855
Summarization,0.48245933651924133,0.5810838341712952,0.7422118186950684,0.7069728374481201,0.6627736687660217,0.6252089142799377,0.6657937169075012,0.5111185908317566,0.4832175076007843,0.5159536004066467,0.5999627709388733,0.6550474166870117,0.5124784111976624,0.6374176144599915,1.0,0.502178430557251,0.730347752571106,0.6182852387428284,0.5938906669616699,0.5156999230384827,0.5096673965454102,0.726462185382843,0.5056725144386292,0.7250604033470154,0.43651697039604187,0.6906639933586121,0.4713716506958008,0.6358961462974548,0.6179024577140808,0.72391277551651,0.531042218208313,0.6213338375091553,0.4978305697441101,0.6512476205825806,0.5533264875411987,0.6559922099113464,0.6675942540168762,0.4584490656852722,0.5156910419464111,0.6718348264694214,0.6642632484436035,0.6105295419692993,0.6313061714172363,0.4558144509792328,0.4724070727825165,0.5770198702812195,0.4986124634742737,0.5361269116401672,0.6224955320358276,0.6877362132072449,0.41351574659347534,0.4690517783164978,0.5431004166603088,0.47159329056739807,0.41643938422203064,0.46071064472198486,0.6839216351509094,0.506232738494873,0.5411676168441772,0.6074345111846924,0.5483934283256531,0.4738922119140625,0.39035263657569885,0.5799310207366943,0.5446811318397522,0.49969878792762756,0.5043577551841736,0.44705620408058167,0.405987948179245,0.48099765181541443,0.641197919845581,0.6511347889900208,0.44252151250839233,0.44007983803749084,0.49998509883880615,0.4738747179508209
Cause Effect Classification,0.44885560870170593,0.5267342329025269,0.5296456813812256,0.5531476736068726,0.5960115194320679,0.6160621643066406,0.5282968878746033,0.5587301254272461,0.4339255392551422,0.3929893672466278,0.589897096157074,0.5147759318351746,0.4221336543560028,0.4549223482608795,0.502178430557251,1.0,0.5645900368690491,0.48385530710220337,0.576643168926239,0.6220821142196655,0.45075103640556335,0.6227282881736755,0.4704432487487793,0.4621710479259491,0.5193975567817688,0.5649746060371399,0.41135096549987793,0.5393351912498474,0.5101023316383362,0.6426480412483215,0.46653279662132263,0.5739481449127197,0.4606671929359436,0.5141769647598267,0.6010552048683167,0.6043318510055542,0.47234198451042175,0.4787451922893524,0.47422727942466736,0.47827428579330444,0.574729323387146,0.45521941781044006,0.4267183542251587,0.38030996918678284,0.4881562292575836,0.38767361640930176,0.46031323075294495,0.5256063342094421,0.5461920499801636,0.4698196351528168,0.32266107201576233,0.431612104177475,0.4401301145553589,0.5123370289802551,0.3322441577911377,0.39905065298080444,0.5234817266464233,0.48728352785110474,0.5210399627685547,0.48874402046203613,0.5484572052955627,0.42948853969573975,0.5141039490699768,0.458385169506073,0.38331976532936096,0.35316160321235657,0.371786504983902,0.43628236651420593,0.4306892156600952,0.46663898229599,0.583907425403595,0.5040082931518555,0.49805545806884766,0.40010908246040344,0.36615073680877686,0.28855040669441223
Sentence Composition,0.4343416094779968,0.5832253098487854,0.7558473348617554,0.6460727453231812,0.6175407767295837,0.6588383913040161,0.5524978041648865,0.593400239944458,0.4786946177482605,0.45084288716316223,0.7613200545310974,0.6716940999031067,0.45738208293914795,0.652101457118988,0.730347752571106,0.5645900368690491,1.0,0.5582804679870605,0.7026758193969727,0.6022467017173767,0.46934351325035095,0.6328110098838806,0.5011730194091797,0.6333237886428833,0.4130672812461853,0.6399648189544678,0.44035208225250244,0.5835074186325073,0.6363015174865723,0.7290324568748474,0.6398742198944092,0.5650192499160767,0.39682504534721375,0.6591960787773132,0.653573215007782,0.6058106422424316,0.7728732228279114,0.5348330140113831,0.4906460642814636,0.6498607993125916,0.5823537111282349,0.6017341017723083,0.6614061594009399,0.471044659614563,0.47828909754753113,0.6105291247367859,0.5185303688049316,0.5090344548225403,0.5882368087768555,0.6445350646972656,0.43015098571777344,0.4359070360660553,0.5634219646453857,0.6248740553855896,0.3544219434261322,0.5303618311882019,0.7065442800521851,0.6435471177101135,0.6982100605964661,0.72331303358078,0.6769192218780518,0.49607691168785095,0.47930529713630676,0.659859299659729,0.38377439975738525,0.5054299235343933,0.4759696424007416,0.48338836431503296,0.5073564052581787,0.4938797950744629,0.5598996877670288,0.7155725955963135,0.5306376218795776,0.37718328833580017,0.5763016939163208,0.5073314309120178
Question Decomposition,0.32543593645095825,0.5098679065704346,0.5740979313850403,0.715355634689331,0.6460052728652954,0.5777131915092468,0.4855610430240631,0.4873381555080414,0.5640268325805664,0.4777745008468628,0.4837607145309448,0.7031332850456238,0.5866672992706299,0.6701856255531311,0.6182852387428284,0.48385530710220337,0.5582804679870605,1.0,0.5109261274337769,0.5771245956420898,0.4856629967689514,0.6012852787971497,0.39608627557754517,0.4785798192024231,0.41697195172309875,0.6309454441070557,0.41742587089538574,0.593788206577301,0.5221678018569946,0.6110043525695801,0.4590877592563629,0.6247707009315491,0.39280977845191956,0.5225484371185303,0.5257178544998169,0.7731161713600159,0.4727248549461365,0.5145909786224365,0.447759211063385,0.5372719168663025,0.6390606164932251,0.4821808338165283,0.48672255873680115,0.40828293561935425,0.47139808535575867,0.4650382101535797,0.3574884235858917,0.4979150593280792,0.6544270515441895,0.5458962917327881,0.382114052772522,0.5705992579460144,0.4885542094707489,0.4514198899269104,0.4466029703617096,0.3898586928844452,0.6088236570358276,0.41858333349227905,0.5412327647209167,0.5285050272941589,0.495945006608963,0.5536614656448364,0.5590426325798035,0.47321492433547974,0.43021324276924133,0.36774778366088867,0.30650079250335693,0.36346596479415894,0.46260714530944824,0.4702359139919281,0.4901699721813202,0.5041993260383606,0.5266132354736328,0.3605421185493469,0.30452850461006165,0.3976111114025116
Textual Entailment,0.45222902297973633,0.5753864049911499,0.6549922227859497,0.6618930697441101,0.6181905269622803,0.6413200497627258,0.5492668747901917,0.5731415152549744,0.4836989641189575,0.4562128484249115,0.5754558444023132,0.559044599533081,0.4529195725917816,0.5248268842697144,0.5938906669616699,0.576643168926239,0.7026758193969727,0.5109261274337769,1.0,0.6783427596092224,0.49882686138153076,0.6634453535079956,0.5326914191246033,0.4634878933429718,0.4858088493347168,0.6432387828826904,0.43548256158828735,0.6369125247001648,0.555235743522644,0.6783177852630615,0.47219789028167725,0.6542813777923584,0.46119603514671326,0.7198742628097534,0.7019578218460083,0.6549472808837891,0.504452645778656,0.5042938590049744,0.5641009211540222,0.5822274684906006,0.5689795017242432,0.6762094497680664,0.5681475400924683,0.47257155179977417,0.5037088990211487,0.44224947690963745,0.4651504158973694,0.559053897857666,0.6662411093711853,0.5407427549362183,0.41022956371307373,0.45910659432411194,0.5852342247962952,0.544285237789154,0.3416596055030823,0.4998321235179901,0.6094996333122253,0.6267656683921814,0.6599192023277283,0.574917733669281,0.6869103312492371,0.49885281920433044,0.5727542042732239,0.6090157628059387,0.36836206912994385,0.33194997906684875,0.4854283034801483,0.4268103241920471,0.4310530126094818,0.5427321195602417,0.5323485136032104,0.6891921758651733,0.5261598825454712,0.4009060263633728,0.3508151173591614,0.39944392442703247
Word Relation Classification,0.48392796516418457,0.5548803210258484,0.5978298187255859,0.6407876014709473,0.6625865697860718,0.6898267865180969,0.5949738025665283,0.7364954948425293,0.46675896644592285,0.4810388684272766,0.567787230014801,0.5504809617996216,0.489060640335083,0.5231031179428101,0.5156999230384827,0.6220821142196655,0.6022467017173767,0.5771245956420898,0.6783427596092224,1.0,0.602016806602478,0.7485653162002563,0.5803103446960449,0.4374220669269562,0.5488694906234741,0.6758573651313782,0.48975861072540283,0.5989002585411072,0.5455992817878723,0.6091241836547852,0.5114644765853882,0.7101340293884277,0.4809495806694031,0.647752583026886,0.8166245222091675,0.7394447326660156,0.41298627853393555,0.6615121960639954,0.5182672142982483,0.5360733270645142,0.6057035326957703,0.5483763813972473,0.4929405152797699,0.46856921911239624,0.6095234155654907,0.443457692861557,0.45035064220428467,0.514812707901001,0.7031347751617432,0.4445053040981293,0.41075119376182556,0.4540657103061676,0.5881222486495972,0.596084475517273,0.37943053245544434,0.48874449729919434,0.648635745048523,0.5715068578720093,0.6252853870391846,0.5086555480957031,0.7066556811332703,0.5079007148742676,0.7998411655426025,0.5901715159416199,0.42819875478744507,0.39385196566581726,0.4317791759967804,0.49050000309944153,0.6326406002044678,0.6656208634376526,0.5809093713760376,0.6135145425796509,0.6900166273117065,0.5167850255966187,0.3144923746585846,0.34876421093940735
Named Entity Recognition,0.4233735203742981,0.483630508184433,0.5678214430809021,0.538984477519989,0.6234462261199951,0.5657011270523071,0.4831303656101227,0.44852644205093384,0.4127826690673828,0.4747173488140106,0.4323130249977112,0.4930320978164673,0.40883463621139526,0.44147536158561707,0.5096673965454102,0.45075103640556335,0.46934351325035095,0.4856629967689514,0.49882686138153076,0.602016806602478,1.0,0.6273691058158875,0.45739927887916565,0.5342291593551636,0.5484858155250549,0.790459394454956,0.5284377336502075,0.5080171227455139,0.49652099609375,0.49781864881515503,0.46437129378318787,0.5718517899513245,0.32113590836524963,0.6086636185646057,0.5281532406806946,0.5966925621032715,0.38627228140830994,0.5894742608070374,0.4983646273612976,0.5131323933601379,0.5620198845863342,0.5040193200111389,0.4229055941104889,0.48606929183006287,0.5363812446594238,0.4139788746833801,0.3460874855518341,0.5586397647857666,0.5284990072250366,0.41816845536231995,0.3357032537460327,0.3134387731552124,0.5944578647613525,0.5261515378952026,0.4116549491882324,0.5364442467689514,0.6546379923820496,0.5015507340431213,0.49383288621902466,0.45980072021484375,0.5185128450393677,0.4309457838535309,0.5624995827674866,0.5976672172546387,0.3773617446422577,0.2971442937850952,0.40504777431488037,0.5177863836288452,0.5892567038536072,0.4702439606189728,0.5600298047065735,0.5003359913825989,0.4974614977836609,0.45763546228408813,0.27305352687835693,0.3555798828601837
Text Categorization,0.66883784532547,0.6422913670539856,0.6885990500450134,0.7267799377441406,0.779345691204071,0.7470746636390686,0.7614645957946777,0.6013574600219727,0.5537261962890625,0.5468384623527527,0.5946347713470459,0.6310628056526184,0.5902097225189209,0.6217580437660217,0.726462185382843,0.6227282881736755,0.6328110098838806,0.6012852787971497,0.6634453535079956,0.7485653162002563,0.6273691058158875,1.0,0.6755306720733643,0.609242856502533,0.6675872802734375,0.7516925930976868,0.5994985103607178,0.7164532542228699,0.6531850695610046,0.660016655921936,0.5773181915283203,0.7453767657279968,0.6398578882217407,0.7556001543998718,0.700438916683197,0.7832186818122864,0.5061765909194946,0.6169979572296143,0.6510100960731506,0.7013410925865173,0.7363483309745789,0.6337077617645264,0.5815713405609131,0.5556282997131348,0.7127953171730042,0.535281240940094,0.4942043721675873,0.6286951899528503,0.7663008570671082,0.6099109649658203,0.47043994069099426,0.5030503869056702,0.5715085864067078,0.6129422187805176,0.5055471062660217,0.5767867565155029,0.7259703278541565,0.5445340275764465,0.6242519021034241,0.5508249402046204,0.6797907948493958,0.5235413312911987,0.5920292735099792,0.5792214870452881,0.6023958921432495,0.5021425485610962,0.5846362113952637,0.569809079170227,0.46246299147605896,0.6422091722488403,0.6834020614624023,0.6650172472000122,0.5826858878135681,0.648187518119812,0.4324849843978882,0.3940522372722626
Stereotype Detection,0.5848162770271301,0.4125678241252899,0.44262775778770447,0.51889967918396,0.5474281311035156,0.5330905914306641,0.5656028985977173,0.4939076602458954,0.4104017913341522,0.39257124066352844,0.4665996730327606,0.442842036485672,0.3734357953071594,0.42963021993637085,0.5056725144386292,0.4704432487487793,0.5011730194091797,0.39608627557754517,0.5326914191246033,0.5803103446960449,0.45739927887916565,0.6755306720733643,1.0,0.33983558416366577,0.5155444741249084,0.5357632637023926,0.5564510822296143,0.5469335913658142,0.5408698320388794,0.48917096853256226,0.4057680666446686,0.6079586744308472,0.49961474537849426,0.5319042205810547,0.5457230806350708,0.572188675403595,0.37387073040008545,0.39987263083457947,0.5541141033172607,0.44872599840164185,0.4656710922718048,0.5274766683578491,0.4439697563648224,0.47173675894737244,0.6686026453971863,0.42800474166870117,0.3567661643028259,0.5089377760887146,0.5414941310882568,0.3809298276901245,0.4151671230792999,0.32852357625961304,0.5135791897773743,0.48384615778923035,0.306060254573822,0.4445359408855438,0.48296236991882324,0.39748337864875793,0.5382274985313416,0.34569600224494934,0.49847057461738586,0.36012864112854004,0.49095094203948975,0.43767789006233215,0.3576580882072449,0.3855692148208618,0.5020352602005005,0.4554428160190582,0.3665100634098053,0.5891183614730835,0.39529410004615784,0.4689697325229645,0.4314432144165039,0.4521715044975281,0.29167839884757996,0.22684644162654877
Title Generation,0.38603878021240234,0.5434182286262512,0.6729392409324646,0.5575014352798462,0.5664705634117126,0.5895665287971497,0.4606999456882477,0.4467930793762207,0.37883198261260986,0.36348122358322144,0.5233774185180664,0.6602011919021606,0.3883180618286133,0.6263794898986816,0.7250604033470154,0.4621710479259491,0.6333237886428833,0.4785798192024231,0.4634878933429718,0.4374220669269562,0.5342291593551636,0.609242856502533,0.33983558416366577,1.0,0.38111788034439087,0.591166079044342,0.3568568527698517,0.49761682748794556,0.5275593400001526,0.5677197575569153,0.4638431966304779,0.49168160557746887,0.36498457193374634,0.576310932636261,0.4883357584476471,0.5298333168029785,0.6344494223594666,0.4453733563423157,0.35731565952301025,0.5471054911613464,0.5636942982673645,0.43819165229797363,0.529392659664154,0.362372487783432,0.36505430936813354,0.5079603791236877,0.4063551425933838,0.4395226240158081,0.49868977069854736,0.5749556422233582,0.3045642077922821,0.32748734951019287,0.42778855562210083,0.40713438391685486,0.3506039083003998,0.4265650510787964,0.5883289575576782,0.41497835516929626,0.4394381046295166,0.59148108959198,0.4418730139732361,0.3913894295692444,0.2972985804080963,0.5461487770080566,0.39692845940589905,0.38079798221588135,0.4017104506492615,0.4047463536262512,0.40708741545677185,0.32335197925567627,0.6406764984130859,0.5002381205558777,0.42692893743515015,0.3546469211578369,0.5605818629264832,0.4123098850250244
Language Identification,0.5558856725692749,0.6544304490089417,0.49673017859458923,0.5056520104408264,0.6224837899208069,0.6346718668937683,0.5415824055671692,0.38949161767959595,0.4504849910736084,0.45675548911094666,0.49984046816825867,0.41473355889320374,0.4206577241420746,0.40080177783966064,0.43651697039604187,0.5193975567817688,0.4130672812461853,0.41697195172309875,0.4858088493347168,0.5488694906234741,0.5484858155250549,0.6675872802734375,0.5155444741249084,0.38111788034439087,1.0,0.5953526496887207,0.5911750197410583,0.5001736283302307,0.46749433875083923,0.42737478017807007,0.5004140734672546,0.5052881240844727,0.35324394702911377,0.6331034302711487,0.492970734834671,0.5475293397903442,0.2977257966995239,0.5306875705718994,0.4950745105743408,0.5033168196678162,0.5274976491928101,0.4185694456100464,0.41670194268226624,0.4904617965221405,0.5512470602989197,0.3999727666378021,0.3862135410308838,0.528120756149292,0.5394918322563171,0.4281841814517975,0.3538755476474762,0.4017813801765442,0.4468070864677429,0.5856178998947144,0.44467175006866455,0.5047410130500793,0.49509546160697937,0.4488426148891449,0.5572015643119812,0.3967888653278351,0.5105438232421875,0.4055754244327545,0.4139336943626404,0.42468583583831787,0.4572620689868927,0.33288195729255676,0.37415361404418945,0.5262817740440369,0.30168530344963074,0.4731817841529846,0.4129749536514282,0.48555657267570496,0.44781872630119324,0.5097057223320007,0.2838601768016815,0.24658802151679993
Information Extraction,0.506061851978302,0.6042219996452332,0.7158442735671997,0.6836068630218506,0.7528005838394165,0.6854838728904724,0.6256321668624878,0.548516035079956,0.5319094061851501,0.5703883171081543,0.576567530632019,0.6077099442481995,0.5834023952484131,0.5663881897926331,0.6906639933586121,0.5649746060371399,0.6399648189544678,0.6309454441070557,0.6432387828826904,0.6758573651313782,0.790459394454956,0.7516925930976868,0.5357632637023926,0.591166079044342,0.5953526496887207,1.0,0.5716503262519836,0.6210289597511292,0.5804035067558289,0.6675400733947754,0.5444610118865967,0.6819048523902893,0.46698546409606934,0.710978627204895,0.6498610377311707,0.7289162278175354,0.5431459546089172,0.6392620205879211,0.5838337540626526,0.6220259666442871,0.6826892495155334,0.6576934456825256,0.5669492483139038,0.5814008116722107,0.5801035165786743,0.5405356884002686,0.48083820939064026,0.6864604949951172,0.6600476503372192,0.6055310368537903,0.4589780271053314,0.45566603541374207,0.6491667032241821,0.5929571986198425,0.5149323344230652,0.5779980421066284,0.7862100601196289,0.6015737652778625,0.6402091979980469,0.5916146636009216,0.6338660717010498,0.5801186561584473,0.5249511003494263,0.7235567569732666,0.46081769466400146,0.4396919310092926,0.49111828207969666,0.5311670303344727,0.5129352807998657,0.5721877813339233,0.6328306198120117,0.6549675464630127,0.5811666250228882,0.48845741152763367,0.3799564242362976,0.45391321182250977
