,Question Generation,Program Execution,Question Answering,Sentiment Analysis,Wrong Candidate Generation,Commonsense Classification,Misc.,Toxic Language Detection,Text Categorization,Story Composition,Question Understanding,Pos Tagging,Fill in The Blank,Text to Code,Text Matching,Information Extraction,Linguistic Probing,Text Completion,Dialogue Generation,Summarization,Code to Text,Text Simplification,Coherence Classification,Sentence Perturbation,Mathematics,Explanation,Text Quality Evaluation,Speaker Identification,Word Semantics,Gender Classification,Intent Identification,Stereotype Detection,Answer Verification,Paraphrasing,Grammar Error Detection,Named Entity Recognition,Question Decomposition,Sentence Composition,Word Relation Classification,Sentence Ordering,Negotiation Strategy Detection,Dialogue State Tracking,Fact Verification,Spelling Error Detection,Poem Generation,Entity Relation Classification,Sentence Compression,Style Transfer,Entity Generation,Irony Detection,Sentence Expansion,Stance Detection,Translation,Spam Classification,Discourse Connective Identification,Discourse Relation Classification,Number Conversion,Preposition Prediction,Speaker Relation Classification,Punctuation Error Detection
Question Generation,1.0,0.45370492339134216,0.445229709148407,0.4376160800457001,0.5054592490196228,0.5221977233886719,0.6398508548736572,0.41514167189598083,0.3853299021720886,0.4705609977245331,0.38059672713279724,0.3671804666519165,0.48245933651924133,0.4343416094779968,0.32543593645095825,0.48392796516418457,0.4233735203742981,0.66883784532547,0.5848162770271301,0.506061851978302,0.4773178994655609,0.4790574014186859,0.4890331029891968,0.3868762254714966,0.4825361371040344,0.530268132686615,0.501271665096283,0.43442291021347046,0.292815238237381,0.46575286984443665,0.5616598725318909,0.5657005906105042,0.45449399948120117,0.3433554768562317,0.4933450520038605,0.40190595388412476,0.28729891777038574,0.421689510345459,0.37533748149871826,0.3940783143043518,0.3194039463996887,0.535777747631073,0.2887656092643738,0.4787665605545044,0.36990514397621155,0.5101191401481628,0.3132423162460327,0.4535878002643585,0.3599926233291626,0.34484443068504333,0.3773452341556549,0.617221474647522,0.49928513169288635,0.2868095934391022,0.48316824436187744,0.4158813953399658,0.42862507700920105,0.6037506461143494,0.43695488572120667,0.28557783365249634
Program Execution,0.45370492339134216,1.0,0.5886165499687195,0.5715891122817993,0.623694658279419,0.7137834429740906,0.5764451622962952,0.4882095754146576,0.42261993885040283,0.6613965630531311,0.5270161032676697,0.5294756293296814,0.5810838341712952,0.5832253098487854,0.5098679065704346,0.5548803210258484,0.483630508184433,0.6422913670539856,0.4125678241252899,0.6042219996452332,0.40085768699645996,0.4947272837162018,0.5126679539680481,0.5335327386856079,0.49591925740242004,0.7203249335289001,0.6285484433174133,0.595950186252594,0.4337151050567627,0.5481511950492859,0.44435057044029236,0.6208227276802063,0.43035051226615906,0.6710816025733948,0.43821367621421814,0.48884519934654236,0.4947802424430847,0.4954582750797272,0.6260444521903992,0.3478870391845703,0.48027634620666504,0.5672417283058167,0.5485216975212097,0.4780322313308716,0.43159228563308716,0.5844475030899048,0.5122421383857727,0.510317862033844,0.5428611636161804,0.4049904942512512,0.5478051900863647,0.3944261968135834,0.49295228719711304,0.3931892216205597,0.4180014729499817,0.4886815547943115,0.5109533667564392,0.4292263388633728,0.3966553807258606,0.42633870244026184
Question Answering,0.445229709148407,0.5886165499687195,1.0,0.7038240432739258,0.6864350438117981,0.7388890981674194,0.5337105989456177,0.49957019090652466,0.5784222483634949,0.6879546642303467,0.6668440103530884,0.5159897804260254,0.7422118186950684,0.7558473348617554,0.5740979313850403,0.5978298187255859,0.5678214430809021,0.6885990500450134,0.44262775778770447,0.7158442735671997,0.4936971068382263,0.6194779276847839,0.6635422110557556,0.685925304889679,0.6235113739967346,0.7089124321937561,0.6159995794296265,0.6568570137023926,0.7464919090270996,0.5995714068412781,0.4526302218437195,0.6716397404670715,0.57829749584198,0.6085851192474365,0.4768575429916382,0.6274397969245911,0.5379185676574707,0.6040223240852356,0.6772477626800537,0.44036418199539185,0.4138161540031433,0.5771278738975525,0.4163709878921509,0.584621250629425,0.6352636814117432,0.6623370051383972,0.725811243057251,0.6465248465538025,0.5724562406539917,0.41226649284362793,0.4583914577960968,0.4366563856601715,0.5026392340660095,0.432537317276001,0.5000612735748291,0.7738791108131409,0.585715651512146,0.42121440172195435,0.4642014503479004,0.5170303583145142
Sentiment Analysis,0.4376160800457001,0.5715891122817993,0.7038240432739258,1.0,0.7842222452163696,0.7246870398521423,0.5878172516822815,0.5776457190513611,0.5401188135147095,0.5744628310203552,0.8089059591293335,0.5517367720603943,0.7069728374481201,0.6460727453231812,0.715355634689331,0.6407876014709473,0.538984477519989,0.7267799377441406,0.51889967918396,0.6836068630218506,0.5508471131324768,0.8699171543121338,0.7519389986991882,0.7747805714607239,0.7105756402015686,0.6815801858901978,0.6287110447883606,0.8739414215087891,0.5312747359275818,0.5268651843070984,0.5399304628372192,0.6392428278923035,0.6297447681427002,0.5686327219009399,0.5633454322814941,0.5732669830322266,0.49701109528541565,0.5844762921333313,0.6044679880142212,0.4433894753456116,0.6569251418113708,0.533463180065155,0.49308955669403076,0.4777064323425293,0.5345848798751831,0.6570786833763123,0.5905072093009949,0.5614725351333618,0.532017707824707,0.514675498008728,0.3860349655151367,0.4537608027458191,0.47922301292419434,0.4400891065597534,0.5915937423706055,0.5931115746498108,0.5369851589202881,0.4197933077812195,0.3417295813560486,0.35537901520729065
Wrong Candidate Generation,0.5054592490196228,0.623694658279419,0.6864350438117981,0.7842222452163696,1.0,0.8110028505325317,0.6185149550437927,0.6747257113456726,0.5543866157531738,0.5775917768478394,0.6835321187973022,0.616510808467865,0.6627736687660217,0.6175407767295837,0.6460052728652954,0.6625865697860718,0.6234462261199951,0.779345691204071,0.5474281311035156,0.7528005838394165,0.5447691679000854,0.7435900568962097,0.7081166505813599,0.6850807070732117,0.710873544216156,0.6849510073661804,0.6810966730117798,0.7938452959060669,0.5223682522773743,0.5637426972389221,0.5485438108444214,0.6220310926437378,0.6388079524040222,0.5369348526000977,0.586112380027771,0.5422292351722717,0.501876950263977,0.6116183400154114,0.6045387983322144,0.4275086224079132,0.6353179216384888,0.6001881957054138,0.5414203405380249,0.5199846625328064,0.49796581268310547,0.6128723621368408,0.5512882471084595,0.5365620851516724,0.5758928060531616,0.5667239427566528,0.41478297114372253,0.5094174146652222,0.5755101442337036,0.5153475999832153,0.5434837341308594,0.5974975228309631,0.5811471343040466,0.5258592367172241,0.41385868191719055,0.38986289501190186
Commonsense Classification,0.5221977233886719,0.7137834429740906,0.7388890981674194,0.7246870398521423,0.8110028505325317,1.0,0.605604887008667,0.6066137552261353,0.4875729978084564,0.6359432339668274,0.6441317200660706,0.5618823766708374,0.6252089142799377,0.6588383913040161,0.5777131915092468,0.6898267865180969,0.5657011270523071,0.7470746636390686,0.5330905914306641,0.6854838728904724,0.45833316445350647,0.668627142906189,0.7036932706832886,0.6603184342384338,0.6622939705848694,0.7076913118362427,0.7283978462219238,0.7168511748313904,0.5332390069961548,0.6440223455429077,0.5166273713111877,0.6125564575195312,0.5663631558418274,0.5458347201347351,0.5502450466156006,0.5256789922714233,0.49648964405059814,0.578995406627655,0.6206192970275879,0.40747395157814026,0.5868263244628906,0.6207123398780823,0.4816500246524811,0.4864460527896881,0.5718003511428833,0.6436285972595215,0.5616906881332397,0.564916729927063,0.5630214810371399,0.5251648426055908,0.43014970421791077,0.44615477323532104,0.6108279228210449,0.50258868932724,0.49329933524131775,0.6059289574623108,0.6065223813056946,0.4641541540622711,0.423065185546875,0.3927844166755676
Misc.,0.6398508548736572,0.5764451622962952,0.5337105989456177,0.5878172516822815,0.6185149550437927,0.605604887008667,1.0,0.4650282859802246,0.4770476222038269,0.5103539228439331,0.4787003993988037,0.47644758224487305,0.6657937169075012,0.5524978041648865,0.4855610430240631,0.5949738025665283,0.4831303656101227,0.7614645957946777,0.5656028985977173,0.6256321668624878,0.48062533140182495,0.6059345006942749,0.544340193271637,0.5225743055343628,0.6041077375411987,0.5871254801750183,0.5820938348770142,0.6050993204116821,0.4323963522911072,0.5087963938713074,0.6640254259109497,0.644983172416687,0.5221142768859863,0.44811272621154785,0.5430325269699097,0.46650180220603943,0.3952910602092743,0.5396137833595276,0.44683751463890076,0.4228368401527405,0.4735935628414154,0.5281515121459961,0.3767031133174896,0.4783943295478821,0.4144001007080078,0.557731568813324,0.45091721415519714,0.508044421672821,0.42788878083229065,0.4403376877307892,0.551895260810852,0.6477197408676147,0.4778654873371124,0.323191374540329,0.5391762256622314,0.5318987965583801,0.4905366897583008,0.5289618372917175,0.44849711656570435,0.3146887719631195
Toxic Language Detection,0.41514167189598083,0.4882095754146576,0.49957019090652466,0.5776457190513611,0.6747257113456726,0.6066137552261353,0.4650282859802246,1.0,0.40641745924949646,0.4494987726211548,0.49162739515304565,0.6866264343261719,0.4832175076007843,0.4786946177482605,0.5640268325805664,0.46675896644592285,0.4127826690673828,0.5537261962890625,0.4104017913341522,0.5319094061851501,0.40721043944358826,0.5125460028648376,0.526694655418396,0.4680364727973938,0.5065298080444336,0.5305231809616089,0.5009660720825195,0.5648517608642578,0.3877606689929962,0.4713798463344574,0.40625110268592834,0.4696488678455353,0.47587326169013977,0.3830762505531311,0.4124741554260254,0.39754703640937805,0.25126805901527405,0.4484425485134125,0.45434990525245667,0.3116207420825958,0.7269948720932007,0.5668613314628601,0.556847095489502,0.43552085757255554,0.33902180194854736,0.4969785511493683,0.5133532881736755,0.39644792675971985,0.6931771039962769,0.3695545196533203,0.3594653904438019,0.3766481876373291,0.4503743648529053,0.3659481108188629,0.3977489173412323,0.4479523301124573,0.4886406362056732,0.40547847747802734,0.36437949538230896,0.3094842731952667
Text Categorization,0.3853299021720886,0.42261993885040283,0.5784222483634949,0.5401188135147095,0.5543866157531738,0.4875729978084564,0.4770476222038269,0.40641745924949646,1.0,0.4960648715496063,0.5032060742378235,0.4496908485889435,0.5159536004066467,0.45084288716316223,0.4777745008468628,0.4810388684272766,0.4747173488140106,0.5468384623527527,0.39257124066352844,0.5703883171081543,0.653334379196167,0.5102158784866333,0.489105224609375,0.4742545187473297,0.5538150072097778,0.5512440204620361,0.4407426118850708,0.5934248566627502,0.4015970826148987,0.45689716935157776,0.5119792222976685,0.4819718599319458,0.4608273506164551,0.3430386483669281,0.40390610694885254,0.7312232851982117,0.2931329905986786,0.6593278050422668,0.37341955304145813,0.6962554454803467,0.34155765175819397,0.47005000710487366,0.37178876996040344,0.4218801259994507,0.40395891666412354,0.5285943150520325,0.4141524136066437,0.5234121680259705,0.533233642578125,0.35014140605926514,0.31034785509109497,0.318267285823822,0.3412339687347412,0.26184600591659546,0.6118205785751343,0.5497811436653137,0.38339173793792725,0.4466801881790161,0.18000957369804382,0.24909237027168274
Story Composition,0.4705609977245331,0.6613965630531311,0.6879546642303467,0.5744628310203552,0.5775917768478394,0.6359432339668274,0.5103539228439331,0.4494987726211548,0.4960648715496063,1.0,0.559349536895752,0.41901081800460815,0.5999627709388733,0.7613200545310974,0.4837607145309448,0.567787230014801,0.4323130249977112,0.5946347713470459,0.4665996730327606,0.576567530632019,0.47285208106040955,0.5169101357460022,0.6039883494377136,0.5866569876670837,0.5598903298377991,0.6413456201553345,0.6460673809051514,0.5655980706214905,0.5582823157310486,0.6142244935035706,0.45631787180900574,0.6072150468826294,0.5110300779342651,0.6293523907661438,0.45601382851600647,0.5826597809791565,0.5821794867515564,0.4707334637641907,0.631616473197937,0.45416614413261414,0.42354127764701843,0.6809538006782532,0.42254745960235596,0.585493803024292,0.5688391923904419,0.7256492972373962,0.6119621992111206,0.6290196776390076,0.5086178779602051,0.3894873857498169,0.5463652014732361,0.4613008499145508,0.5510310530662537,0.3899192214012146,0.4878880977630615,0.5916005969047546,0.5089669227600098,0.41356024146080017,0.4441562592983246,0.4821028411388397
Question Understanding,0.38059672713279724,0.5270161032676697,0.6668440103530884,0.8089059591293335,0.6835321187973022,0.6441317200660706,0.4787003993988037,0.49162739515304565,0.5032060742378235,0.559349536895752,1.0,0.4870259463787079,0.6550474166870117,0.6716940999031067,0.7031332850456238,0.5504809617996216,0.4930320978164673,0.6310628056526184,0.442842036485672,0.6077099442481995,0.49616748094558716,0.6996312737464905,0.7032854557037354,0.6854167580604553,0.6146793365478516,0.5877782106399536,0.535528302192688,0.8092275857925415,0.6073245406150818,0.494661808013916,0.43391337990760803,0.6111738681793213,0.5280406475067139,0.5174055099487305,0.4366535246372223,0.7170135974884033,0.44023597240448,0.5658726692199707,0.5405910015106201,0.41380298137664795,0.5006794929504395,0.47479960322380066,0.4163183569908142,0.4263612926006317,0.47645923495292664,0.60395747423172,0.5638362169265747,0.5263017416000366,0.47673463821411133,0.41435813903808594,0.32565614581108093,0.34874069690704346,0.40158766508102417,0.4956693947315216,0.5070554614067078,0.54863440990448,0.4845614731311798,0.35127586126327515,0.45472073554992676,0.3600059747695923
Pos Tagging,0.3671804666519165,0.5294756293296814,0.5159897804260254,0.5517367720603943,0.616510808467865,0.5618823766708374,0.47644758224487305,0.6866264343261719,0.4496908485889435,0.41901081800460815,0.4870259463787079,1.0,0.5124784111976624,0.45738208293914795,0.5866672992706299,0.489060640335083,0.40883463621139526,0.5902097225189209,0.3734357953071594,0.5834023952484131,0.38259726762771606,0.47193434834480286,0.43977832794189453,0.4769262969493866,0.5128023624420166,0.5362176895141602,0.4624875485897064,0.5787113308906555,0.3992895483970642,0.45584988594055176,0.38058337569236755,0.48375654220581055,0.4729291796684265,0.411379337310791,0.42006582021713257,0.422420859336853,0.2940114736557007,0.4824453890323639,0.5247822999954224,0.3346172571182251,0.5675123929977417,0.4762023389339447,0.5102823972702026,0.3813815116882324,0.37080222368240356,0.4271264970302582,0.4769465923309326,0.41395431756973267,0.8132131099700928,0.3779800534248352,0.3728298842906952,0.2896720767021179,0.3628498315811157,0.31982266902923584,0.4143042266368866,0.46782130002975464,0.48983725905418396,0.4046786427497864,0.2951301038265228,0.28917136788368225
Fill in The Blank,0.48245933651924133,0.5810838341712952,0.7422118186950684,0.7069728374481201,0.6627736687660217,0.6252089142799377,0.6657937169075012,0.4832175076007843,0.5159536004066467,0.5999627709388733,0.6550474166870117,0.5124784111976624,1.0,0.730347752571106,0.6182852387428284,0.5156999230384827,0.5096673965454102,0.726462185382843,0.5056725144386292,0.6906639933586121,0.4713716506958008,0.6358961462974548,0.6179024577140808,0.72391277551651,0.6213338375091553,0.6512476205825806,0.5533264875411987,0.6559922099113464,0.6675942540168762,0.4584490656852722,0.5156910419464111,0.6718348264694214,0.6105295419692993,0.6313061714172363,0.4724070727825165,0.5770198702812195,0.4986124634742737,0.5361269116401672,0.6877362132072449,0.41351574659347534,0.4690517783164978,0.47159329056739807,0.41643938422203064,0.46071064472198486,0.506232738494873,0.5411676168441772,0.6074345111846924,0.5483934283256531,0.4738922119140625,0.39035263657569885,0.49969878792762756,0.5043577551841736,0.44705620408058167,0.405987948179245,0.48099765181541443,0.6511347889900208,0.44252151250839233,0.44007983803749084,0.49998509883880615,0.4738747179508209
Text to Code,0.4343416094779968,0.5832253098487854,0.7558473348617554,0.6460727453231812,0.6175407767295837,0.6588383913040161,0.5524978041648865,0.4786946177482605,0.45084288716316223,0.7613200545310974,0.6716940999031067,0.45738208293914795,0.730347752571106,1.0,0.5582804679870605,0.6022467017173767,0.46934351325035095,0.6328110098838806,0.5011730194091797,0.6399648189544678,0.44035208225250244,0.5835074186325073,0.6363015174865723,0.7290324568748474,0.5650192499160767,0.6591960787773132,0.653573215007782,0.6058106422424316,0.7728732228279114,0.5348330140113831,0.4906460642814636,0.6498607993125916,0.6017341017723083,0.6614061594009399,0.47828909754753113,0.6105291247367859,0.5185303688049316,0.5090344548225403,0.6445350646972656,0.43015098571777344,0.4359070360660553,0.6248740553855896,0.3544219434261322,0.5303618311882019,0.6435471177101135,0.6982100605964661,0.72331303358078,0.6769192218780518,0.49607691168785095,0.47930529713630676,0.5054299235343933,0.4759696424007416,0.48338836431503296,0.5073564052581787,0.4938797950744629,0.7155725955963135,0.5306376218795776,0.37718328833580017,0.5763016939163208,0.5073314309120178
Text Matching,0.32543593645095825,0.5098679065704346,0.5740979313850403,0.715355634689331,0.6460052728652954,0.5777131915092468,0.4855610430240631,0.5640268325805664,0.4777745008468628,0.4837607145309448,0.7031332850456238,0.5866672992706299,0.6182852387428284,0.5582804679870605,1.0,0.5771245956420898,0.4856629967689514,0.6012852787971497,0.39608627557754517,0.6309454441070557,0.41742587089538574,0.593788206577301,0.5221678018569946,0.6110043525695801,0.6247707009315491,0.5225484371185303,0.5257178544998169,0.7731161713600159,0.4727248549461365,0.5145909786224365,0.447759211063385,0.5372719168663025,0.4821808338165283,0.48672255873680115,0.47139808535575867,0.4650382101535797,0.3574884235858917,0.4979150593280792,0.5458962917327881,0.382114052772522,0.5705992579460144,0.4514198899269104,0.4466029703617096,0.3898586928844452,0.41858333349227905,0.5412327647209167,0.5285050272941589,0.495945006608963,0.5536614656448364,0.5590426325798035,0.36774778366088867,0.30650079250335693,0.36346596479415894,0.46260714530944824,0.4702359139919281,0.5041993260383606,0.5266132354736328,0.3605421185493469,0.30452850461006165,0.3976111114025116
Information Extraction,0.48392796516418457,0.5548803210258484,0.5978298187255859,0.6407876014709473,0.6625865697860718,0.6898267865180969,0.5949738025665283,0.46675896644592285,0.4810388684272766,0.567787230014801,0.5504809617996216,0.489060640335083,0.5156999230384827,0.6022467017173767,0.5771245956420898,1.0,0.602016806602478,0.7485653162002563,0.5803103446960449,0.6758573651313782,0.48975861072540283,0.5989002585411072,0.5455992817878723,0.6091241836547852,0.7101340293884277,0.647752583026886,0.8166245222091675,0.7394447326660156,0.41298627853393555,0.6615121960639954,0.5182672142982483,0.5360733270645142,0.5483763813972473,0.4929405152797699,0.6095234155654907,0.443457692861557,0.45035064220428467,0.514812707901001,0.4445053040981293,0.41075119376182556,0.4540657103061676,0.596084475517273,0.37943053245544434,0.48874449729919434,0.5715068578720093,0.6252853870391846,0.5086555480957031,0.7066556811332703,0.5079007148742676,0.7998411655426025,0.39385196566581726,0.4317791759967804,0.49050000309944153,0.6326406002044678,0.6656208634376526,0.6135145425796509,0.6900166273117065,0.5167850255966187,0.3144923746585846,0.34876421093940735
Linguistic Probing,0.4233735203742981,0.483630508184433,0.5678214430809021,0.538984477519989,0.6234462261199951,0.5657011270523071,0.4831303656101227,0.4127826690673828,0.4747173488140106,0.4323130249977112,0.4930320978164673,0.40883463621139526,0.5096673965454102,0.46934351325035095,0.4856629967689514,0.602016806602478,1.0,0.6273691058158875,0.45739927887916565,0.790459394454956,0.5284377336502075,0.5080171227455139,0.49652099609375,0.49781864881515503,0.5718517899513245,0.6086636185646057,0.5281532406806946,0.5966925621032715,0.38627228140830994,0.5894742608070374,0.4983646273612976,0.5131323933601379,0.5040193200111389,0.4229055941104889,0.5363812446594238,0.4139788746833801,0.3460874855518341,0.5586397647857666,0.41816845536231995,0.3357032537460327,0.3134387731552124,0.5261515378952026,0.4116549491882324,0.5364442467689514,0.5015507340431213,0.49383288621902466,0.45980072021484375,0.5185128450393677,0.4309457838535309,0.5624995827674866,0.2971442937850952,0.40504777431488037,0.5177863836288452,0.5892567038536072,0.4702439606189728,0.5003359913825989,0.4974614977836609,0.45763546228408813,0.27305352687835693,0.3555798828601837
Text Completion,0.66883784532547,0.6422913670539856,0.6885990500450134,0.7267799377441406,0.779345691204071,0.7470746636390686,0.7614645957946777,0.5537261962890625,0.5468384623527527,0.5946347713470459,0.6310628056526184,0.5902097225189209,0.726462185382843,0.6328110098838806,0.6012852787971497,0.7485653162002563,0.6273691058158875,1.0,0.6755306720733643,0.7516925930976868,0.5994985103607178,0.7164532542228699,0.6531850695610046,0.660016655921936,0.7453767657279968,0.7556001543998718,0.700438916683197,0.7832186818122864,0.5061765909194946,0.6169979572296143,0.6510100960731506,0.7013410925865173,0.6337077617645264,0.5815713405609131,0.7127953171730042,0.535281240940094,0.4942043721675873,0.6286951899528503,0.6099109649658203,0.47043994069099426,0.5030503869056702,0.6129422187805176,0.5055471062660217,0.5767867565155029,0.5445340275764465,0.6242519021034241,0.5508249402046204,0.6797907948493958,0.5235413312911987,0.5920292735099792,0.5021425485610962,0.5846362113952637,0.569809079170227,0.46246299147605896,0.6422091722488403,0.6650172472000122,0.5826858878135681,0.648187518119812,0.4324849843978882,0.3940522372722626
Dialogue Generation,0.5848162770271301,0.4125678241252899,0.44262775778770447,0.51889967918396,0.5474281311035156,0.5330905914306641,0.5656028985977173,0.4104017913341522,0.39257124066352844,0.4665996730327606,0.442842036485672,0.3734357953071594,0.5056725144386292,0.5011730194091797,0.39608627557754517,0.5803103446960449,0.45739927887916565,0.6755306720733643,1.0,0.5357632637023926,0.5564510822296143,0.5469335913658142,0.5408698320388794,0.48917096853256226,0.6079586744308472,0.5319042205810547,0.5457230806350708,0.572188675403595,0.37387073040008545,0.39987263083457947,0.5541141033172607,0.44872599840164185,0.5274766683578491,0.4439697563648224,0.6686026453971863,0.42800474166870117,0.3567661643028259,0.5089377760887146,0.3809298276901245,0.4151671230792999,0.32852357625961304,0.48384615778923035,0.306060254573822,0.4445359408855438,0.39748337864875793,0.5382274985313416,0.34569600224494934,0.49847057461738586,0.36012864112854004,0.49095094203948975,0.3855692148208618,0.5020352602005005,0.4554428160190582,0.3665100634098053,0.5891183614730835,0.4689697325229645,0.4314432144165039,0.4521715044975281,0.29167839884757996,0.22684644162654877
Summarization,0.506061851978302,0.6042219996452332,0.7158442735671997,0.6836068630218506,0.7528005838394165,0.6854838728904724,0.6256321668624878,0.5319094061851501,0.5703883171081543,0.576567530632019,0.6077099442481995,0.5834023952484131,0.6906639933586121,0.6399648189544678,0.6309454441070557,0.6758573651313782,0.790459394454956,0.7516925930976868,0.5357632637023926,1.0,0.5716503262519836,0.6210289597511292,0.5804035067558289,0.6675400733947754,0.6819048523902893,0.710978627204895,0.6498610377311707,0.7289162278175354,0.5431459546089172,0.6392620205879211,0.5838337540626526,0.6220259666442871,0.6576934456825256,0.5669492483139038,0.5801035165786743,0.5405356884002686,0.48083820939064026,0.6864604949951172,0.6055310368537903,0.4589780271053314,0.45566603541374207,0.5929571986198425,0.5149323344230652,0.5779980421066284,0.6015737652778625,0.6402091979980469,0.5916146636009216,0.6338660717010498,0.5801186561584473,0.5249511003494263,0.4396919310092926,0.49111828207969666,0.5311670303344727,0.5129352807998657,0.5721877813339233,0.6549675464630127,0.5811666250228882,0.48845741152763367,0.3799564242362976,0.45391321182250977
Code to Text,0.4773178994655609,0.40085768699645996,0.4936971068382263,0.5508471131324768,0.5447691679000854,0.45833316445350647,0.48062533140182495,0.40721043944358826,0.653334379196167,0.47285208106040955,0.49616748094558716,0.38259726762771606,0.4713716506958008,0.44035208225250244,0.41742587089538574,0.48975861072540283,0.5284377336502075,0.5994985103607178,0.5564510822296143,0.5716503262519836,1.0,0.5277271270751953,0.5269129276275635,0.4669920802116394,0.5517598986625671,0.5686174631118774,0.3945390582084656,0.5816024541854858,0.3382793366909027,0.4280739724636078,0.45862406492233276,0.4521259665489197,0.47108224034309387,0.38591867685317993,0.5823763012886047,0.6471953392028809,0.3002718985080719,0.6244776844978333,0.35777685046195984,0.5207334756851196,0.3409225344657898,0.473529577255249,0.3529050052165985,0.4410932660102844,0.4600311815738678,0.5301159024238586,0.3772006034851074,0.5147523880004883,0.40709570050239563,0.369568407535553,0.2778327167034149,0.3912668526172638,0.41722503304481506,0.280628502368927,0.797619640827179,0.5335030555725098,0.3769209682941437,0.536678671836853,0.22327974438667297,0.23743610084056854
Text Simplification,0.4790574014186859,0.4947272837162018,0.6194779276847839,0.8699171543121338,0.7435900568962097,0.668627142906189,0.6059345006942749,0.5125460028648376,0.5102158784866333,0.5169101357460022,0.6996312737464905,0.47193434834480286,0.6358961462974548,0.5835074186325073,0.593788206577301,0.5989002585411072,0.5080171227455139,0.7164532542228699,0.5469335913658142,0.6210289597511292,0.5277271270751953,1.0,0.7056047320365906,0.6745699048042297,0.6900528073310852,0.6754836440086365,0.5790749788284302,0.7633517384529114,0.44614797830581665,0.4720469117164612,0.588398277759552,0.6389175057411194,0.6966844201087952,0.48483800888061523,0.5622193217277527,0.5201579928398132,0.4613783657550812,0.5823771357536316,0.5283105373382568,0.44920849800109863,0.577640950679779,0.537677526473999,0.41883739829063416,0.5143992900848389,0.5082777142524719,0.5848042964935303,0.5071449279785156,0.5258459448814392,0.4503308832645416,0.4925537705421448,0.3978990316390991,0.4579322338104248,0.48687219619750977,0.3944587707519531,0.5674469470977783,0.5545511841773987,0.4483258128166199,0.4445744454860687,0.2946746051311493,0.2764952778816223
Coherence Classification,0.4890331029891968,0.5126679539680481,0.6635422110557556,0.7519389986991882,0.7081166505813599,0.7036932706832886,0.544340193271637,0.526694655418396,0.489105224609375,0.6039883494377136,0.7032854557037354,0.43977832794189453,0.6179024577140808,0.6363015174865723,0.5221678018569946,0.5455992817878723,0.49652099609375,0.6531850695610046,0.5408698320388794,0.5804035067558289,0.5269129276275635,0.7056047320365906,1.0,0.6657541990280151,0.6216573715209961,0.6165792346000671,0.5617146492004395,0.6625241637229919,0.4960067570209503,0.4754035472869873,0.5387824773788452,0.6093509197235107,0.612045407295227,0.47857043147087097,0.5566803812980652,0.607153594493866,0.40984025597572327,0.5352222323417664,0.5217232704162598,0.43711456656455994,0.4972997009754181,0.6151877045631409,0.39003312587738037,0.47180038690567017,0.5016332864761353,0.5926833748817444,0.5033326745033264,0.48958471417427063,0.4414539337158203,0.41854485869407654,0.40414130687713623,0.4666630029678345,0.5770458579063416,0.46707242727279663,0.5218651294708252,0.5465325713157654,0.49603375792503357,0.43344154953956604,0.3734568655490875,0.34735241532325745
Sentence Perturbation,0.3868762254714966,0.5335327386856079,0.685925304889679,0.7747805714607239,0.6850807070732117,0.6603184342384338,0.5225743055343628,0.4680364727973938,0.4742545187473297,0.5866569876670837,0.6854167580604553,0.4769262969493866,0.72391277551651,0.7290324568748474,0.6110043525695801,0.6091241836547852,0.49781864881515503,0.660016655921936,0.48917096853256226,0.6675400733947754,0.4669920802116394,0.6745699048042297,0.6657541990280151,1.0,0.6323831677436829,0.5759219527244568,0.6440266370773315,0.7664412260055542,0.6099424362182617,0.48745229840278625,0.5004522800445557,0.6153759360313416,0.6656811237335205,0.5923619270324707,0.5093183517456055,0.5266262888908386,0.5363630652427673,0.5761868357658386,0.609296977519989,0.384289413690567,0.5131939053535461,0.5089758634567261,0.38933444023132324,0.4129617512226105,0.5729447603225708,0.5842907428741455,0.5703145861625671,0.5967109203338623,0.48746904730796814,0.49919116497039795,0.40904510021209717,0.40224602818489075,0.4039132595062256,0.5020891427993774,0.5232097506523132,0.6348423361778259,0.4789031445980072,0.34391510486602783,0.382683664560318,0.3920401632785797
Mathematics,0.4825361371040344,0.49591925740242004,0.6235113739967346,0.7105756402015686,0.710873544216156,0.6622939705848694,0.6041077375411987,0.5065298080444336,0.5538150072097778,0.5598903298377991,0.6146793365478516,0.5128023624420166,0.6213338375091553,0.5650192499160767,0.6247707009315491,0.7101340293884277,0.5718517899513245,0.7453767657279968,0.6079586744308472,0.6819048523902893,0.5517598986625671,0.6900528073310852,0.6216573715209961,0.6323831677436829,1.0,0.6419714093208313,0.6729356646537781,0.7639169096946716,0.46143364906311035,0.5658382773399353,0.6045622825622559,0.5468153953552246,0.611304521560669,0.4687049090862274,0.5992530584335327,0.5081573128700256,0.36638686060905457,0.6217585206031799,0.5085978507995605,0.4972935616970062,0.47755250334739685,0.5683655738830566,0.4111986756324768,0.499538779258728,0.5061463713645935,0.6183214783668518,0.48218873143196106,0.6184717416763306,0.5268011093139648,0.5894705653190613,0.39203697443008423,0.49816131591796875,0.4857596158981323,0.4250938296318054,0.5806029438972473,0.624750018119812,0.588067352771759,0.48098862171173096,0.322616845369339,0.3408547639846802
Explanation,0.530268132686615,0.7203249335289001,0.7089124321937561,0.6815801858901978,0.6849510073661804,0.7076913118362427,0.5871254801750183,0.5305231809616089,0.5512440204620361,0.6413456201553345,0.5877782106399536,0.5362176895141602,0.6512476205825806,0.6591960787773132,0.5225484371185303,0.647752583026886,0.6086636185646057,0.7556001543998718,0.5319042205810547,0.710978627204895,0.5686174631118774,0.6754836440086365,0.6165792346000671,0.5759219527244568,0.6419714093208313,1.0,0.6406955122947693,0.6655102372169495,0.47398996353149414,0.5830116868019104,0.5754813551902771,0.6927084922790527,0.6304749250411987,0.6886149644851685,0.5162385702133179,0.5328502058982849,0.4458083212375641,0.6147610545158386,0.6415483951568604,0.4782298505306244,0.47397297620773315,0.6090691685676575,0.4827316999435425,0.6188820004463196,0.556194543838501,0.6574567556381226,0.5759842991828918,0.6125843524932861,0.5320147275924683,0.4548042416572571,0.4797022342681885,0.45332470536231995,0.5307273268699646,0.3679419159889221,0.5665891766548157,0.6358896493911743,0.535022497177124,0.5211468935012817,0.3624233305454254,0.4400893449783325
Text Quality Evaluation,0.501271665096283,0.6285484433174133,0.6159995794296265,0.6287110447883606,0.6810966730117798,0.7283978462219238,0.5820938348770142,0.5009660720825195,0.4407426118850708,0.6460673809051514,0.535528302192688,0.4624875485897064,0.5533264875411987,0.653573215007782,0.5257178544998169,0.8166245222091675,0.5281532406806946,0.700438916683197,0.5457230806350708,0.6498610377311707,0.3945390582084656,0.5790749788284302,0.5617146492004395,0.6440266370773315,0.6729356646537781,0.6406955122947693,1.0,0.6939029693603516,0.4576493799686432,0.6334062218666077,0.5149930119514465,0.5184178948402405,0.5339702367782593,0.601118803024292,0.5325278043746948,0.47048988938331604,0.4948168992996216,0.5460861325263977,0.5267096161842346,0.4465186595916748,0.49577319622039795,0.5779699087142944,0.3894566297531128,0.4218408465385437,0.5583347678184509,0.6807191967964172,0.50363689661026,0.6327250003814697,0.5306022763252258,0.6679967641830444,0.46035337448120117,0.487132728099823,0.4623264968395233,0.6112160086631775,0.5175473690032959,0.5781602263450623,0.6541506052017212,0.4379654824733734,0.40048813819885254,0.3988475501537323
Speaker Identification,0.43442291021347046,0.595950186252594,0.6568570137023926,0.8739414215087891,0.7938452959060669,0.7168511748313904,0.6050993204116821,0.5648517608642578,0.5934248566627502,0.5655980706214905,0.8092275857925415,0.5787113308906555,0.6559922099113464,0.6058106422424316,0.7731161713600159,0.7394447326660156,0.5966925621032715,0.7832186818122864,0.572188675403595,0.7289162278175354,0.5816024541854858,0.7633517384529114,0.6625241637229919,0.7664412260055542,0.7639169096946716,0.6655102372169495,0.6939029693603516,1.0,0.4839039742946625,0.58868408203125,0.5534557104110718,0.637496292591095,0.5910325050354004,0.5523499250411987,0.6172618865966797,0.5686248540878296,0.4917299747467041,0.6631014347076416,0.5422486662864685,0.46522217988967896,0.598970353603363,0.5741158723831177,0.5058394074440002,0.500027596950531,0.5292878150939941,0.6759892106056213,0.5728930234909058,0.6381391286849976,0.5577467083930969,0.6230436563491821,0.3867257237434387,0.43676817417144775,0.46703004837036133,0.518598735332489,0.6356289982795715,0.6245191097259521,0.5823907852172852,0.4557722508907318,0.3217756152153015,0.33984875679016113
Word Semantics,0.292815238237381,0.4337151050567627,0.7464919090270996,0.5312747359275818,0.5223682522773743,0.5332390069961548,0.4323963522911072,0.3877606689929962,0.4015970826148987,0.5582823157310486,0.6073245406150818,0.3992895483970642,0.6675942540168762,0.7728732228279114,0.4727248549461365,0.41298627853393555,0.38627228140830994,0.5061765909194946,0.37387073040008545,0.5431459546089172,0.3382793366909027,0.44614797830581665,0.4960067570209503,0.6099424362182617,0.46143364906311035,0.47398996353149414,0.4576493799686432,0.4839039742946625,1.0,0.40806838870048523,0.30572107434272766,0.4748303294181824,0.43851932883262634,0.48992374539375305,0.34784984588623047,0.5292956829071045,0.42377859354019165,0.44440051913261414,0.556061863899231,0.34804216027259827,0.3574231266975403,0.388450562953949,0.3286179304122925,0.4126589298248291,0.4864710569381714,0.48497456312179565,0.6897491216659546,0.4923141300678253,0.4447593688964844,0.31801947951316833,0.3791016638278961,0.3780216574668884,0.3368085026741028,0.3675961494445801,0.3744884133338928,0.6615553498268127,0.4477660357952118,0.246751606464386,0.5815505981445312,0.4139310419559479
Gender Classification,0.46575286984443665,0.5481511950492859,0.5995714068412781,0.5268651843070984,0.5637426972389221,0.6440223455429077,0.5087963938713074,0.4713798463344574,0.45689716935157776,0.6142244935035706,0.494661808013916,0.45584988594055176,0.4584490656852722,0.5348330140113831,0.5145909786224365,0.6615121960639954,0.5894742608070374,0.6169979572296143,0.39987263083457947,0.6392620205879211,0.4280739724636078,0.4720469117164612,0.4754035472869873,0.48745229840278625,0.5658382773399353,0.5830116868019104,0.6334062218666077,0.58868408203125,0.40806838870048523,1.0,0.4736281931400299,0.5606817007064819,0.44003191590309143,0.46018561720848083,0.47052714228630066,0.4319787621498108,0.4344725012779236,0.45795273780822754,0.48502737283706665,0.3584043085575104,0.44429853558540344,0.6509795188903809,0.44366201758384705,0.5619998574256897,0.5057131052017212,0.6542463302612305,0.5192030072212219,0.6158432364463806,0.49965623021125793,0.48315003514289856,0.36366593837738037,0.3863297700881958,0.5446189045906067,0.4404335618019104,0.45328864455223083,0.5413285493850708,0.6418248414993286,0.4644058048725128,0.34904828667640686,0.3903760612010956
Intent Identification,0.5616598725318909,0.44435057044029236,0.4526302218437195,0.5399304628372192,0.5485438108444214,0.5166273713111877,0.6640254259109497,0.40625110268592834,0.5119792222976685,0.45631787180900574,0.43391337990760803,0.38058337569236755,0.5156910419464111,0.4906460642814636,0.447759211063385,0.5182672142982483,0.4983646273612976,0.6510100960731506,0.5541141033172607,0.5838337540626526,0.45862406492233276,0.588398277759552,0.5387824773788452,0.5004522800445557,0.6045622825622559,0.5754813551902771,0.5149930119514465,0.5534557104110718,0.30572107434272766,0.4736281931400299,1.0,0.478088915348053,0.5730475783348083,0.36826303601264954,0.525798499584198,0.4135812819004059,0.292150616645813,0.5395054221153259,0.38703247904777527,0.5094491839408875,0.39282867312431335,0.5245769619941711,0.33113592863082886,0.45130547881126404,0.46664664149284363,0.5490322113037109,0.376878559589386,0.5526469945907593,0.39020469784736633,0.4413736164569855,0.34405818581581116,0.5571697354316711,0.4083866477012634,0.3008531630039215,0.49324122071266174,0.49027547240257263,0.4530532658100128,0.43435925245285034,0.26615723967552185,0.2460450530052185
Stereotype Detection,0.5657005906105042,0.6208227276802063,0.6716397404670715,0.6392428278923035,0.6220310926437378,0.6125564575195312,0.644983172416687,0.4696488678455353,0.4819718599319458,0.6072150468826294,0.6111738681793213,0.48375654220581055,0.6718348264694214,0.6498607993125916,0.5372719168663025,0.5360733270645142,0.5131323933601379,0.7013410925865173,0.44872599840164185,0.6220259666442871,0.4521259665489197,0.6389175057411194,0.6093509197235107,0.6153759360313416,0.5468153953552246,0.6927084922790527,0.5184178948402405,0.637496292591095,0.4748303294181824,0.5606817007064819,0.478088915348053,1.0,0.5847298502922058,0.5583195090293884,0.4738474190235138,0.5192424654960632,0.42004716396331787,0.5078688263893127,0.58493971824646,0.3627864420413971,0.406150758266449,0.6730111241340637,0.3790295124053955,0.6335936784744263,0.477385938167572,0.599851667881012,0.5211334228515625,0.5649780631065369,0.45056477189064026,0.3748648166656494,0.5730177760124207,0.45617595314979553,0.631278932094574,0.39420148730278015,0.45829519629478455,0.6246768236160278,0.44083812832832336,0.5387129187583923,0.4212746322154999,0.40850549936294556
Answer Verification,0.45449399948120117,0.43035051226615906,0.57829749584198,0.6297447681427002,0.6388079524040222,0.5663631558418274,0.5221142768859863,0.47587326169013977,0.4608273506164551,0.5110300779342651,0.5280406475067139,0.4729291796684265,0.6105295419692993,0.6017341017723083,0.4821808338165283,0.5483763813972473,0.5040193200111389,0.6337077617645264,0.5274766683578491,0.6576934456825256,0.47108224034309387,0.6966844201087952,0.612045407295227,0.6656811237335205,0.611304521560669,0.6304749250411987,0.5339702367782593,0.5910325050354004,0.43851932883262634,0.44003191590309143,0.5730475783348083,0.5847298502922058,1.0,0.4711347222328186,0.5189704298973083,0.45256751775741577,0.3703494369983673,0.5138336420059204,0.5256807804107666,0.41282328963279724,0.4350550174713135,0.5579308867454529,0.3460110127925873,0.5226411819458008,0.5253397822380066,0.5349528789520264,0.4665142893791199,0.5371651649475098,0.4546191990375519,0.4552728831768036,0.3308025300502777,0.46230775117874146,0.4667888879776001,0.3742036521434784,0.5077462196350098,0.5964442491531372,0.4193546772003174,0.41568589210510254,0.2905781865119934,0.3216114938259125
